[2026-01-13T12:24:48.332Z] Starting getQuizHistory for userId: 7
[2026-01-13T12:24:48.358Z] formationIds: [12,14,6,12]
[2026-01-13T12:24:48.375Z] quizzes found: 117
[2026-01-13T12:24:48.375Z] quizIds: [81,84,85,86,87,88,89,90,91,92,93,94,95,96,97,98,100,101,102,103,104,105,107,108,110,111,112,113,114,115,117,118,119,278,279,280,282,283,284,285,286,287,317,318,319,320,321,326,327,337,338,340,341,342,343,344,345,346,347,348,349,350,370,371,372,373,374,375,376,377,379,380,381,383,384,385,386,387,388,389,390,391,392,393,394,395,396,397,398,399,400,401,402,436,437,438,439,440,441,442,443,444,445,446,447,449,450,451,452,453,454,455,456,457,458,459,517]
[2026-01-13T12:24:48.467Z] allQuestions found: 1715
[2026-01-13T12:24:48.475Z] participations found: 125
[2026-01-13T12:24:48.476Z] Mapped 117 quiz-question sets
[2026-01-13T12:27:05.464Z] Starting getQuizHistory for userId: 7
[2026-01-13T12:27:05.477Z] formationIds: [12,14,6,12]
[2026-01-13T12:27:05.485Z] quizzes found: 117
[2026-01-13T12:27:05.486Z] quizIds: [81,84,85,86,87,88,89,90,91,92,93,94,95,96,97,98,100,101,102,103,104,105,107,108,110,111,112,113,114,115,117,118,119,278,279,280,282,283,284,285,286,287,317,318,319,320,321,326,327,337,338,340,341,342,343,344,345,346,347,348,349,350,370,371,372,373,374,375,376,377,379,380,381,383,384,385,386,387,388,389,390,391,392,393,394,395,396,397,398,399,400,401,402,436,437,438,439,440,441,442,443,444,445,446,447,449,450,451,452,453,454,455,456,457,458,459,517]
[2026-01-13T12:27:05.556Z] allQuestions found: 1715
[2026-01-13T12:27:05.563Z] participations found: 125
[2026-01-13T12:27:05.564Z] Mapped 117 quiz-question sets
[2026-01-13T12:28:08.416Z] Starting getQuizHistory for userId: 7
[2026-01-13T12:28:08.430Z] formationIds: [12,14,6,12]
[2026-01-13T12:28:08.438Z] quizzes found: 117
[2026-01-13T12:28:08.439Z] quizIds: [81,84,85,86,87,88,89,90,91,92,93,94,95,96,97,98,100,101,102,103,104,105,107,108,110,111,112,113,114,115,117,118,119,278,279,280,282,283,284,285,286,287,317,318,319,320,321,326,327,337,338,340,341,342,343,344,345,346,347,348,349,350,370,371,372,373,374,375,376,377,379,380,381,383,384,385,386,387,388,389,390,391,392,393,394,395,396,397,398,399,400,401,402,436,437,438,439,440,441,442,443,444,445,446,447,449,450,451,452,453,454,455,456,457,458,459,517]
[2026-01-13T12:28:08.510Z] allQuestions found: 1715
[2026-01-13T12:28:08.517Z] participations found: 125
[2026-01-13T12:28:08.518Z] Mapped 117 quiz-question sets
[2026-01-13T12:28:10.071Z] Starting getQuizHistory for userId: 7
[2026-01-13T12:28:10.083Z] formationIds: [12,14,6,12]
[2026-01-13T12:28:10.089Z] quizzes found: 117
[2026-01-13T12:28:10.090Z] quizIds: [81,84,85,86,87,88,89,90,91,92,93,94,95,96,97,98,100,101,102,103,104,105,107,108,110,111,112,113,114,115,117,118,119,278,279,280,282,283,284,285,286,287,317,318,319,320,321,326,327,337,338,340,341,342,343,344,345,346,347,348,349,350,370,371,372,373,374,375,376,377,379,380,381,383,384,385,386,387,388,389,390,391,392,393,394,395,396,397,398,399,400,401,402,436,437,438,439,440,441,442,443,444,445,446,447,449,450,451,452,453,454,455,456,457,458,459,517]
[2026-01-13T12:28:10.158Z] allQuestions found: 1715
[2026-01-13T12:28:10.165Z] participations found: 125
[2026-01-13T12:28:10.166Z] Mapped 117 quiz-question sets
[2026-01-13T12:30:13.023Z] Starting getQuizHistory for userId: 7
[2026-01-13T12:30:13.049Z] formationIds: [12,14,6,12]
[2026-01-13T12:30:13.063Z] quizzes found: 117
[2026-01-13T12:30:13.064Z] quizIds: [81,84,85,86,87,88,89,90,91,92,93,94,95,96,97,98,100,101,102,103,104,105,107,108,110,111,112,113,114,115,117,118,119,278,279,280,282,283,284,285,286,287,317,318,319,320,321,326,327,337,338,340,341,342,343,344,345,346,347,348,349,350,370,371,372,373,374,375,376,377,379,380,381,383,384,385,386,387,388,389,390,391,392,393,394,395,396,397,398,399,400,401,402,436,437,438,439,440,441,442,443,444,445,446,447,449,450,451,452,453,454,455,456,457,458,459,517]
[2026-01-13T12:30:13.144Z] allQuestions found: 1715
[2026-01-13T12:30:13.145Z] First question ID: 2380, reponses count: 0
[2026-01-13T12:30:13.154Z] participations found: 125
[2026-01-13T12:30:13.155Z] Mapped 117 quiz-question sets
[2026-01-13T12:30:13.840Z] Starting getQuizHistory for userId: 7
[2026-01-13T12:30:13.854Z] formationIds: [12,14,6,12]
[2026-01-13T12:30:13.860Z] quizzes found: 117
[2026-01-13T12:30:13.861Z] quizIds: [81,84,85,86,87,88,89,90,91,92,93,94,95,96,97,98,100,101,102,103,104,105,107,108,110,111,112,113,114,115,117,118,119,278,279,280,282,283,284,285,286,287,317,318,319,320,321,326,327,337,338,340,341,342,343,344,345,346,347,348,349,350,370,371,372,373,374,375,376,377,379,380,381,383,384,385,386,387,388,389,390,391,392,393,394,395,396,397,398,399,400,401,402,436,437,438,439,440,441,442,443,444,445,446,447,449,450,451,452,453,454,455,456,457,458,459,517]
[2026-01-13T12:30:13.930Z] allQuestions found: 1715
[2026-01-13T12:30:13.931Z] First question ID: 2380, reponses count: 0
[2026-01-13T12:30:13.941Z] participations found: 125
[2026-01-13T12:30:13.942Z] Mapped 117 quiz-question sets
[2026-01-13T12:30:50.169Z] Starting getQuizHistory for userId: 7
[2026-01-13T12:30:50.183Z] formationIds: [12,14,6,12]
[2026-01-13T12:30:50.191Z] quizzes found: 117
[2026-01-13T12:30:50.191Z] quizIds: [81,84,85,86,87,88,89,90,91,92,93,94,95,96,97,98,100,101,102,103,104,105,107,108,110,111,112,113,114,115,117,118,119,278,279,280,282,283,284,285,286,287,317,318,319,320,321,326,327,337,338,340,341,342,343,344,345,346,347,348,349,350,370,371,372,373,374,375,376,377,379,380,381,383,384,385,386,387,388,389,390,391,392,393,394,395,396,397,398,399,400,401,402,436,437,438,439,440,441,442,443,444,445,446,447,449,450,451,452,453,454,455,456,457,458,459,517]
[2026-01-13T12:30:50.274Z] allQuestions found: 1715
[2026-01-13T12:30:50.276Z] First question ID: 2380, reponses count: 0
[2026-01-13T12:30:50.282Z] participations found: 125
[2026-01-13T12:30:50.283Z] Mapped 117 quiz-question sets
[2026-01-13T12:31:16.859Z] Starting getQuizHistory for userId: 7
[2026-01-13T12:31:16.876Z] formationIds: [12,14,6,12]
[2026-01-13T12:31:16.885Z] quizzes found: 117
[2026-01-13T12:31:16.886Z] quizIds: [81,84,85,86,87,88,89,90,91,92,93,94,95,96,97,98,100,101,102,103,104,105,107,108,110,111,112,113,114,115,117,118,119,278,279,280,282,283,284,285,286,287,317,318,319,320,321,326,327,337,338,340,341,342,343,344,345,346,347,348,349,350,370,371,372,373,374,375,376,377,379,380,381,383,384,385,386,387,388,389,390,391,392,393,394,395,396,397,398,399,400,401,402,436,437,438,439,440,441,442,443,444,445,446,447,449,450,451,452,453,454,455,456,457,458,459,517]
[2026-01-13T12:31:16.965Z] allQuestions found: 1715
[2026-01-13T12:31:16.965Z] First question ID: 2380, reponses count: 0
[2026-01-13T12:31:16.973Z] participations found: 125
[2026-01-13T12:31:16.973Z] Mapped 117 quiz-question sets
